{"extrinsics": [[[0.9104083776473999, -0.3859587013721466, -0.1489710658788681, 1.999999761581421], [0.38089314103126526, 0.9225159287452698, -0.062325939536094666, -2.954723044013008e-08], [-0.16148346662521362, 4.827995780942729e-09, -0.9868752956390381, 5.640140354756795e-09], [-5.340076825177675e-09, 6.797391094437444e-09, -1.4287868665974202e-09, 1.0]], [[0.4309472143650055, -0.8974948525428772, 0.09374117851257324, 2.0], [0.8769866824150085, 0.44102486968040466, 0.19076524674892426, 0.0], [0.21255305409431458, -3.4545950544639936e-09, -0.9771495461463928, 0.0], [0.0, 0.0, 0.0, 1.0]], [[-0.610440194606781, -0.786638617515564, -0.09253367781639099, 2.0], [-0.7777537107467651, 0.6174136400222778, -0.11789592355489731, 0.0], [-0.1498730331659317, 5.784472900671744e-09, 0.9887052178382874, 0.0], [0.0, 0.0, -3.725290298461914e-09, 1.0]], [[-0.488808810710907, -0.8297509551048279, -0.2694055736064911, 2.0], [-0.7266885638237, 0.5581338405609131, -0.4005124270915985, 0.0], [-0.48268991708755493, -1.7227977266998096e-08, 0.8757912516593933, 0.0], [1.4901161193847656e-08, 0.0, 0.0, 1.0]], [[0.6275598406791687, -0.4958782196044922, 0.6002277731895447, 1.999999761581421], [0.35835570096969604, 0.8683919310569763, 0.3427482843399048, -4.271645082098985e-08], [0.691194474697113, -8.284456676221907e-09, -0.7226687669754028, -1.7269007557274563e-08], [3.7405481378982586e-08, 2.4567725631641224e-10, 5.974040817591231e-09, 1.0]], [[-0.40042924880981445, -0.12378410249948502, 0.9079283475875854, 2.0], [-0.049950942397117615, 0.9923091530799866, 0.11325815320014954, 1.4901161193847656e-08], [0.9149651527404785, 6.313711331529248e-09, 0.4035327136516571, 5.960464477539063e-08], [0.0, 0.0, 0.0, 1.0]], [[0.6685734391212463, -0.7373368740081787, -0.09666374325752258, 2.0], [0.7297489643096924, 0.6755251884460449, -0.10550864040851593, 0.0], [-0.1430942267179489, 1.0726461940890886e-09, -0.9897090792655945, 0.0], [0.0, 0.0, 0.0, 1.0]], [[0.5347739458084106, -0.0011990475468337536, 0.8449941873550415, 1.999999761581421], [0.0006412199581973255, 0.9999991655349731, 0.0010131890885531902, 3.029332687476405e-11], [0.8449949026107788, -4.453176976476625e-12, -0.5347743630409241, -4.398681241468694e-08], [-2.7729633700346312e-08, -1.3261142184362029e-11, -9.239066400823503e-09, 0.9999999403953552]], [[0.5576602220535278, -0.10644422471523285, -0.8232160210609436, 1.999999761581421], [0.05969889461994171, 0.9943186640739441, -0.08812727779150009, -3.626444922133487e-09], [-0.8279197216033936, -5.369235611674128e-10, -0.5608465075492859, 4.3219230860813695e-08], [3.3239139440865983e-08, 1.1060103943805188e-09, -1.926517612105272e-08, 0.9999999403953552]], [[-0.31207969784736633, -0.2631346881389618, 0.9128888845443726, 1.999999761581421], [-0.08511866629123688, 0.9647590517997742, 0.24898730218410492, -5.4232032198342495e-09], [0.9462352395057678, 1.2657011438932386e-08, 0.32347944378852844, -1.9028675524168648e-08], [-3.7002383379558523e-09, -7.828884207583542e-10, -5.192227092720714e-09, 1.0]], [[-0.9343570470809937, -0.0030754227191209793, -0.3563249111175537, 1.999999761581421], [-0.0028735564555972815, 0.999995231628418, -0.0010958549100905657, -2.397955722877043e-10], [-0.3563266098499298, -5.061522034832677e-11, 0.9343613982200623, -2.3685903016712473e-08], [3.9126248907450645e-09, 4.952116494649772e-11, -6.33745855793677e-09, 1.0]], [[-0.43100860714912415, -0.2687933146953583, -0.8613836765289307, 2.0], [-0.1202787384390831, 0.9631978869438171, -0.2403806895017624, 0.0], [-0.8942956328392029, -1.80325177012719e-09, 0.44747671484947205, 0.0], [0.0, 0.0, 0.0, 1.0]], [[0.5747890472412109, -0.49934515357017517, -0.6482837200164795, 1.999999761581421], [0.3312755823135376, 0.8664031624794006, -0.37363362312316895, -3.8297084614669075e-08], [-0.7482472658157349, -3.648484181439926e-08, -0.6634199619293213, 2.3454278519352556e-08], [4.457774593902286e-09, 1.4940193082679798e-08, 2.0963923930139572e-08, 1.0]], [[-0.21150676906108856, -0.8183786273002625, -0.5343418121337891, 1.999999761581421], [-0.30119869112968445, 0.5746793150901794, -0.7609356641769409, 2.1418918194626713e-08], [-0.9298087954521179, -7.782110955645294e-09, 0.3680431842803955, 2.443157853804223e-08], [2.2943753563708924e-09, 1.0825477403386685e-08, -2.0469315131776966e-09, 1.0]], [[0.9436110258102417, -0.029865184798836708, 0.3297063410282135, 2.0], [0.028193695470690727, 0.9995538592338562, 0.009851135313510895, 0.0], [0.32985347509384155, 1.3351258987270853e-10, -0.9440321326255798, 0.0], [-2.9802322387695312e-08, 0.0, 0.0, 1.0]], [[-0.6028211712837219, -0.5946580767631531, -0.5319664478302002, 2.0], [-0.4458731412887573, 0.8039785623550415, -0.39346590638160706, 0.0], [-0.6616674065589905, -1.2828485829174952e-08, 0.7497974634170532, 0.0], [0.0, 0.0, 2.9802322387695312e-08, 1.0]], [[-0.997919499874115, -0.03291577845811844, -0.055435508489608765, 1.999999761581421], [-0.03286510705947876, 0.9994581341743469, -0.001825692248530686, -3.8640893262886777e-10], [-0.05546556040644646, 1.4419525296016644e-10, 0.9984606504440308, -5.757396337457976e-09], [-2.967831491673678e-08, -9.928813327064745e-11, 4.2107650699563237e-10, 1.0]], [[-0.9354560375213623, -0.1666739284992218, 0.3116755485534668, 1.999999761581421], [-0.158128023147583, 0.9860120415687561, 0.052685149013996124, -9.022141256309624e-09], [0.31609711050987244, -2.5007109716312925e-09, 0.9487267732620239, 1.3950649524474557e-08], [3.847119955935341e-09, -2.4839597045911432e-09, 3.6761491628567455e-09, 1.0]], [[0.6153842806816101, -0.7856990694999695, -0.06307817250490189, 1.999999761581421], [0.7816038727760315, 0.6186087131500244, -0.08011603355407715, -4.212609994169725e-08], [-0.10196781903505325, -5.388216539614632e-09, -0.9947876930236816, 1.3713068180987165e-10], [-2.2924883325003975e-08, 1.2773330837489993e-08, 3.6908285316883394e-09, 1.0]], [[0.7720372080802917, -0.14133772253990173, 0.6196627616882324, 1.999999761581421], [0.11022451519966125, 0.9899613857269287, 0.08846984803676605, -1.3320882175094084e-09], [0.6259464025497437, 7.401558921316109e-09, -0.779866099357605, -2.2249441400390424e-08], [-4.338996362207581e-08, -9.738041484297355e-10, 7.132456403269316e-09, 1.0]], [[0.4373255968093872, -0.6178879141807556, 0.6534223556518555, 1.999999761581421], [0.3436727523803711, 0.7862662076950073, 0.5134925842285156, -3.3164111457040235e-09], [0.8310447335243225, 1.811667815765361e-09, -0.5562055706977844, -2.0345297002677398e-08], [2.6066636849009228e-08, -7.0266672480556736e-09, 9.14468500923249e-09, 1.0]], [[0.23966944217681885, -0.6712011098861694, 0.7014609575271606, 2.0], [0.21701306104660034, 0.7412752509117126, 0.6351506114006042, 0.0], [0.9462894797325134, -1.088718803998745e-08, -0.3233204483985901, 0.0], [0.0, 0.0, 0.0, 1.0]], [[-0.9494549036026001, -0.20219959318637848, -0.24010524153709412, 1.999999761581421], [-0.19602851569652557, 0.9793443083763123, -0.049573153257369995, -1.666518656406879e-08], [-0.24516937136650085, -2.162328982535655e-09, 0.9694802165031433, -2.6605663450141037e-08], [3.281504490360021e-08, 2.8491262682450724e-09, 5.897735633197954e-10, 1.0]], [[-0.7129800319671631, -0.4730242192745209, -0.5175977945327759, 2.0], [-0.3827899396419525, 0.881049394607544, -0.27789169549942017, 0.0], [-0.587478756904602, -9.077282925318286e-09, 0.8092395663261414, 0.0], [0.0, 0.0, 0.0, 1.0]], [[0.5819844007492065, -0.7997445464134216, 0.14731793105602264, 1.999999761581421], [0.7752918601036072, 0.6003403067588806, 0.19624991714954376, -4.185887547691891e-08], [0.24539074301719666, 1.6303906003045654e-09, -0.969424307346344, -5.158318661102612e-09], [4.886651083779725e-09, 1.1936155175362728e-08, -6.12032824420794e-09, 1.0]], [[0.4123694598674774, -0.9108272790908813, -0.01857662759721279, 2.0], [0.9099044799804688, 0.41278770565986633, -0.04098983108997345, 0.0], [-0.045002859085798264, 1.303455898771233e-09, -0.9989868998527527, 0.0], [0.0, 0.0, 0.0, 1.0]], [[-0.7576003074645996, -0.30728477239608765, 0.57586270570755, 2.0], [-0.24463504552841187, 0.9516175985336304, 0.18595056235790253, 0.0], [0.6051408648490906, 1.84806436820395e-09, 0.7961183786392212, 0.0], [-2.9802322387695312e-08, 0.0, 2.9802322387695312e-08, 1.0]], [[0.24320641160011292, -0.9631643891334534, -0.11473897099494934, 2.0], [0.8710901141166687, 0.2689133584499359, -0.4109594523906708, -5.960464477539063e-08], [-0.42667636275291443, -1.0121975257959548e-08, -0.9044044613838196, 8.676794394091303e-09], [0.0, 0.0, 0.0, 1.0]], [[0.8697076439857483, -0.4876072406768799, -0.07646957039833069, 1.999999761581421], [0.4857333302497864, 0.8730630278587341, -0.0427083894610405, -4.931676400588003e-08], [-0.08758767694234848, -2.2036577007611413e-09, -0.9961568713188171, 3.3178029212876936e-09], [-7.766029597178203e-09, 7.38666017241485e-10, -8.326512812573128e-10, 1.0]], [[-0.8021152019500732, -0.32618048787117004, 0.5002173781394958, 2.0], [-0.2767716646194458, 0.9453075528144836, 0.1726011484861374, 0.0], [0.529158353805542, 2.7721743303676938e-11, 0.8485230207443237, 0.0], [0.0, 0.0, 0.0, 1.0]], [[0.8146852254867554, -0.471413791179657, -0.3377235531806946, 2.0], [0.4354785084724426, 0.881912112236023, -0.18052536249160767, 0.0], [-0.38294464349746704, 3.457443442655972e-09, -0.9237713813781738, 0.0], [2.9802322387695312e-08, 0.0, -1.4901161193847656e-08, 1.0]], [[0.9410490989685059, -0.07643366605043411, -0.3295215666294098, 2.0], [0.07213886082172394, 0.9970746040344238, -0.02526043727993965, 1.3351930228111542e-08], [-0.330488383769989, 1.307547625728489e-09, -0.9438101053237915, -5.6255466063248605e-08], [0.0, 0.0, 0.0, 1.0]]], "intrinsics": [[[1.0, 0.0, 0.5], [0.0, 1.0, 0.5], [0.0, 0.0, 1.0]], [[1.0, 0.0, 0.5], [0.0, 1.0, 0.5], [0.0, 0.0, 1.0]], [[1.0, 0.0, 0.5], [0.0, 1.0, 0.5], [0.0, 0.0, 1.0]], [[1.0, 0.0, 0.5], [0.0, 1.0, 0.5], [0.0, 0.0, 1.0]], [[1.0, 0.0, 0.5], [0.0, 1.0, 0.5], [0.0, 0.0, 1.0]], [[1.0, 0.0, 0.5], [0.0, 1.0, 0.5], [0.0, 0.0, 1.0]], [[1.0, 0.0, 0.5], [0.0, 1.0, 0.5], [0.0, 0.0, 1.0]], [[1.0, 0.0, 0.5], [0.0, 1.0, 0.5], [0.0, 0.0, 1.0]], [[1.0, 0.0, 0.5], [0.0, 1.0, 0.5], [0.0, 0.0, 1.0]], [[1.0, 0.0, 0.5], [0.0, 1.0, 0.5], [0.0, 0.0, 1.0]], [[1.0, 0.0, 0.5], [0.0, 1.0, 0.5], [0.0, 0.0, 1.0]], [[1.0, 0.0, 0.5], [0.0, 1.0, 0.5], [0.0, 0.0, 1.0]], [[1.0, 0.0, 0.5], [0.0, 1.0, 0.5], [0.0, 0.0, 1.0]], [[1.0, 0.0, 0.5], [0.0, 1.0, 0.5], [0.0, 0.0, 1.0]], [[1.0, 0.0, 0.5], [0.0, 1.0, 0.5], [0.0, 0.0, 1.0]], [[1.0, 0.0, 0.5], [0.0, 1.0, 0.5], [0.0, 0.0, 1.0]], [[1.0, 0.0, 0.5], [0.0, 1.0, 0.5], [0.0, 0.0, 1.0]], [[1.0, 0.0, 0.5], [0.0, 1.0, 0.5], [0.0, 0.0, 1.0]], [[1.0, 0.0, 0.5], [0.0, 1.0, 0.5], [0.0, 0.0, 1.0]], [[1.0, 0.0, 0.5], [0.0, 1.0, 0.5], [0.0, 0.0, 1.0]], [[1.0, 0.0, 0.5], [0.0, 1.0, 0.5], [0.0, 0.0, 1.0]], [[1.0, 0.0, 0.5], [0.0, 1.0, 0.5], [0.0, 0.0, 1.0]], [[1.0, 0.0, 0.5], [0.0, 1.0, 0.5], [0.0, 0.0, 1.0]], [[1.0, 0.0, 0.5], [0.0, 1.0, 0.5], [0.0, 0.0, 1.0]], [[1.0, 0.0, 0.5], [0.0, 1.0, 0.5], [0.0, 0.0, 1.0]], [[1.0, 0.0, 0.5], [0.0, 1.0, 0.5], [0.0, 0.0, 1.0]], [[1.0, 0.0, 0.5], [0.0, 1.0, 0.5], [0.0, 0.0, 1.0]], [[1.0, 0.0, 0.5], [0.0, 1.0, 0.5], [0.0, 0.0, 1.0]], [[1.0, 0.0, 0.5], [0.0, 1.0, 0.5], [0.0, 0.0, 1.0]], [[1.0, 0.0, 0.5], [0.0, 1.0, 0.5], [0.0, 0.0, 1.0]], [[1.0, 0.0, 0.5], [0.0, 1.0, 0.5], [0.0, 0.0, 1.0]], [[1.0, 0.0, 0.5], [0.0, 1.0, 0.5], [0.0, 0.0, 1.0]]]}